----------------------------------------------
                 Case 0                    
----------------------------------------------
K:  16 M:  16 N: 16
A: 
   -59     36     13     63    -35     50    116     25     -2     33     10    -45     21   -100    -57     85 
    11    -55     63    124     22    -53     21     57    -76     65    -44    -23    -69    -45   -117     -1 
  -102    -56    100      8    -29   -126    -81     -7     85      9    -42      0    -20    -72   -102     64 
    81    -68     -3     96    -51     98    -74    -70      3      5      6     37    -96    -99     50    103 
    -7     43    100     11    -88   -127     81     83     62    -59    118     69    -11    -57     69     97 
   -85   -126   -112    -89     27   -110    -83     70     14    -13     17    -42      3    -22      8     97 
    11   -125   -105   -101     59    -52     25     44    -53    -39   -100     78    121     -2    -54    -20 
    42    123      1    105    -33   -109     71     96     74     48    -74     12    -41      2     90    126 
   -79    -64     67     83    -64    -61    -27   -106    -99      3     97     21     31     60    -44     18 
   -20    124      1   -121    -44     53   -125      6     92   -125     55    -41     72     -4    -42     19 
    23     65     22   -100     69     40     44   -112     93     26    106    -32    -30     40     21   -121 
   -40     32     -9    114   -114     80     91     20     -7   -114     24     76   -123     77    -87     90 
  -104     25   -122    122    -84     84     78     94   -101    -59    -57     83    -95    -86     14     28 
  -106     42    -15     -2    -12    -72     48    -34     46   -101     72    -23    -77    108    -76     40 
   -94     13     14     63     51     39    -66   -118     81    122    -82     43    -16    -51     84    -79 
   121   -119   -112     31    -60    -46    -91    -73   -108     15     -5    104    105   -114    -58     75 

B: 
    34      3     40     41    116     50   -118     94    118     -7      7    -93     44    -56     42     75 
    52     74     32    114     46      9    -10     68     15    -35     85     62     50    109    -48    101 
    38    104    -31     -9     26     63    -15     34     16     98     40     36     65    -38     97     19 
   103    -11    -23    -39    -20    -27     56    -48     22    -22    112   -112     74   -119     45     49 
   -46     55    -86    -65     25     31    124      2    -64     89     95     78     17     82     12    -39 
   -72    -73     59     10     92     28    -23   -112      3     41     61      4    -26    -23   -100     56 
  -110     93    -56    119     32    -45     44     78     32    -95     28   -101     76     13    111     90 
   -98    -54    -49     -5     28     43    -59     13     45    -57    -73    -66    -53   -101    -94    120 
    26     94    107     -6    -52     24     89    -80    -68    122     46     87     49    -33   -100     94 
    30     24    -51     19    -32     46    -71     89     55    122    109     -1    -29     40     88    -18 
    63    103     36    -56     -5     -5    -61     81     39   -121     79    -36     50    -79    124    -64 
    35    -57     30     59     25   -109     41   -111    104    120    104     35    -23     46     -4     30 
    23   -117    -89     13    123    -84   -116     83   -100    -68     31    -61   -121     67    -85      0 
  -116    -15      8      9     17     28     35    -97    101    -77     27    -98     67    -30      3     21 
    48    -30    121     68     70    -48   -122     32     80    -83    -68    -73    -14     -5    -11    -64 
   -22     89     83    -76    -89    110   -121    -21    102   -120    -62     17    105    -88    -94    100 

C: 
 -2881  19526 -10219   2026 -10772   6509  -6169  14759  -8030 -16494   7543  -2782  11269 -10062     72  27426 
  2024   8469 -37293 -17352 -19990  15315  17945   7612   3407  19045   9479  -9187  10919 -21296  32397   7702 
 19668  22366  -7919 -31452 -48091  13661  21683 -11420 -26356  36885 -10799  40303   4350  -8399  -3943  -3137 
 30593     77  40434 -16952 -10896  12601 -20990 -21824  26902  12237   -840    893  16293 -35033  -2984   2210 
 20307  42260  22099   9594 -11748  -2971 -25348  23058  28313 -35225 -10727  -8857  28512 -30117  14521  25322 
-13471  -8711    582 -37200 -36454   8114  -8339  -4920 -14594 -20014 -48189  13645 -19490  -9504 -26655 -23945 
-31806 -46987 -33601  -1333  12842 -24219   5139  -4784 -18622   3510 -24007  -4101 -42521  25557 -22382 -10553 
 10320  28821  19076  22013 -12074  13379 -17662  13897  37828 -21112  -3366 -17170  33737 -18919 -11700  51900 
 21382   3183 -13316 -20467 -17827 -11425   -248  -1584   5035 -18222  13241 -14644  10089 -12862  40732 -32181 
  5071    550  26561  -5315   7847   8047 -11840  -8160 -28177 -10633 -13507  36248 -10084  11154 -53079   9920 
  1876  32901  11037  16472  14138  -2008  22498  13619 -13797  21494  32151  19822  10855  28941  27793 -18197 
-18129  13933  22244   3936 -19828   2862  23577 -47622  34815 -30571   5640 -17332  42654 -40286  -3583  43486 
-11517 -28101   5247  14427 -10929 -21595  11216 -31034  16011 -25690 -12256 -17226  -4414 -15658 -18959  22469 
-15338  36004   7193  -9224 -33664   4322  39561 -20603  -3263 -28550  -2082   9365  34560  -7791   7044   4561 
 31594  -5634   7572   4866  -8310 -14360  28459 -20519 -22269  66694  34384  31465 -12433  30650    104 -24680 
 32271 -43290  -5521 -17786   2345 -19297 -40028   9339   8674  -3569  -9442 -12305 -28508  -3364  -2629 -18903 

----------------------------------------------
                 Case 1                    
----------------------------------------------
K:  16 M:  16 N: 16
A: 
    81     79     48    117     48      2   -114   -103    119    -36     -5     72    120     57     84     66 
   107    -36    -53    -34   -109    -35    -87    -27    -10     -1     65      7   -110    -55    117     -5 
    32     -7     87    -87      3     19     20   -123    -69   -117    -92    -14     30   -108    -97    116 
    67    -54      4   -113    -23     15    -33     61     91    -94     78    -74    -83     96    -17    -68 
   -31     39      9     98   -125     36     51     55     81     41    -70   -106    -60     85   -112   -109 
   -64    107    -24    -10     20     81    -24    108    -91     96    -29      1     30    -23     61   -113 
   122     55     98     68     63    108    -35     -5     29     51     14   -117     14     -3      2     86 
   -14     63     -3     70     33    -35    -27     37    -48     54    -59     95   -123     16    -35   -128 
    36    -95    -68     63     85    -32    -68     10     -4    -78     50     24    -27     46   -110     26 
    16    -61    -97    -52    -37    -92    -80      4   -127     82     57     -3      5    -23    -59    -81 
    14    -75     18     59     24     52     -9    -87   -128    -25     90   -121    -97     27    -93    -78 
     9     23     -7     62    -41    101    -35   -122     -8     48     48      8    -37    -81    -60    119 
    -7     91   -111     30     34     17    105     64    -13    120    -27     15     28    122    -30     -2 
   -99    -55     75     88     36   -101     51      9    -36     -8    -44      4    -22    106     68    106 
    96     87     18     21     54    -11   -110     39     49   -118   -121     34    -25    -43    105     18 
    33    -36    122    -34     -3    -40    126    -72    -58    -48    113    -56    -14     82     81     22 

B: 
    15     33    -68    -67     64    118    -95    -50    -98     -5     46     79     11     83     38    -91 
   -54    -99     42   -120    112    -65    -43   -113    -96     99     42     25     26     90   -119    106 
    58     35     37    114     69    123    -13    -54     68   -104    126    -40    -92     24     30    -40 
    27    -28   -125    -76    -87    -78    113     59    -91    -26    110     55     45     32    -39      3 
    62     14    -79    -32    119      0     11     33     27    -96     97    -63   -113     14    -48    -45 
   -85     29     13    -46     19     83     48     10    -17    121     71    -76    -23     69     10    102 
     7     90   -120    -23   -125     98     24     84    -89    110      7   -118     -3   -118    -92    -82 
    19    -34    -98    -65    -15     93   -115    119    -24     33     85    -86    -98    -82    -17    119 
    22     95     53    -23    -47      7   -104    -20   -119     56    -83     45     83    -84      4     35 
     5   -113     10    -75     46   -128     -9      5    -54     64     86     17     84    -14    -53    -60 
   -98   -105     93    114     22    124     -8     18    -42    100     13     63    -11     41    -77     -2 
    96   -125     59    126    -34     82     -3    -57     99    -21    110    -27    -91     24    -40     90 
  -105      5    117    -41   -108     49    -65    -77     26     90    -93      0    124     18     85    -26 
    90     -5    -51    -42    -82     48   -114     84     56     11    113    -57    -35    124     69    -90 
  -112     94     79    -31    -92    114    -14      3    114     49      9    -64    -78    114     40    -57 
    43   -116     33    -80    -48    -77    -11    121    -22   -101    -32     72     72    -31     -3     46 

C: 
 -1257  -5319  34646 -17371  -9627   4451 -17190 -31863    532  -9698  10014  30634  20201  50226  17693  -2618 
-17990   -495  19674  14737   7243  11542  -1287 -10332   5218   -473 -15383  28644  -3851  20200   7709  -5158 
  8480   9997  12262  16934  20184  -7951  21320 -21008  10428 -42702 -32755  10877   9618 -13771  12788   1465 
  2448  31652  -3980  17738  10656  44518 -37787   9255  -3809   7302  -9497  -3346 -21434   2460  18145  -6422 
 11667  19754 -41199 -26621 -11723 -24917  -3461  11105 -45435  27755   9487  -4784  23065 -18226  -4245   4804 
-27656 -13934    249 -22764  18880  -2682   1663 -11890   9879  37450  28447 -30889 -18429  16547 -14790  24096 
 -9211   1585  -8510 -39652  28504   2605  -6711   1707 -33504  -2736  25775  15664  12869  24536   1560  -7387 
 30526 -18484 -32793   4480  27493 -19853  13112  -9278   2954 -11161  48335 -10388 -31301   7760 -23606  11457 
 28470 -13286 -25043  11285   4248  -6778   3696  22268  -2388 -33993   5176  18181  -6752  -3066   5571   -132 
 -6182 -28845   3833  18099  17571 -23037   5322  -8270  11905  -1541 -13108  17784   7507  -1100   2731 -13053 
 -1451   6883 -30875  20131  26401  -5029  39444  11459  -4737 -13113  14879   6385 -10190  14158  -1774 -27403 
 -8969 -32056  17034  -3149  14334 -33819  34002  -5742 -23809  -2295  -3867  34794  32109   6083 -14834  17194 
  7681 -22615 -31393 -48901 -15386 -18688 -16908  22838 -26710  38794  27168 -19345  12362    855 -23134  -2318 
 32212   -742 -19916   -391 -36562  -9050   7860  41128  27752 -40008  23121 -16138 -15889  -3130   5372 -22890 
  5986  18124    463 -21294  18838   8709 -16090 -22171   9557 -28631   5437   5939 -22831  25702  13232  21398 
 -5917  22092   1617  25938 -15143  52172  -1750  12358  14907  -1056   9857 -13559 -19723  16874   3393 -49683 

----------------------------------------------
                 Case 2                    
----------------------------------------------
K:  16 M:  16 N: 16
A: 
    38     -9     36    -92     21    -28    -19    -55    -82    -33    -95     53     94     43   -113    -97 
   122     26      6     13     91     69    -43     48     11     64     77     38    -27    -40     87    116 
    93     75    118    -32     96    -60     28     36    -49      4     97     48     50     62     32     -3 
  -108   -117     95    -29    111     12    -42    -72    -36     74    -17    -54    -25    -56   -115     45 
   102     20    -61     87    -68    103     55     89     23     78    -50     37   -111   -123    106     18 
    15   -101      8    -12   -126     55     92     35      0     -5   -120    -83     19   -122    -70    -51 
    31     58    -15    -49     -2     48     85     24     -7    -32    -67   -113     81    -85    -36    102 
    44     47    -93    -34     78    126     35   -125    -24     44    -77    -40    -25     94      2      0 
   -62    -55    -44    -95     63    -42    119    -70    111    -11     48      7     13    -52     97    -68 
   -36    -60    123     80    -97    -76     93    114   -121     91   -107     -6     98    -37    -89     20 
    97    -16      1    111     30     72     63     80     66    -47   -116   -117      1    -90   -108   -126 
    47     15     30    -57    111   -107     75    -20    -67     92    119   -124     41    -74    110    -72 
   -38    124    110    -47   -125    -87     15     81    -76   -105      7      3    -38   -122   -111    -24 
   -18    -18     44     -9    -73     98     64     25    -73     59     89     10    -86     62    -19     81 
     3    -34     37      6    -94     -9     64     64     17    -66      3    102    105    -32     56    -27 
    78    -53    -32     53     -5    105    -78      1    -47    -77     76     63    100    -84   -100     41 

B: 
   -22    -92   -128     -3    -47    -19     81    -44     51    -39    -58     90     74     83    -19     44 
   -82     94     29     96    -40    -64     16   -104    -15     54    -56    102      0     49      8     37 
    98    -35    -20    -24     24      0     49    -17    -60   -123    -65    -98     44    -15    -25    -14 
     4     92     30     17     68    -20     57    -57     34   -107    -25    -27    -38     85     -7   -122 
   -16     52     56     19    -98    -77    -64    121     81     18     35    125     67    -79    120     33 
   -58    -47    -60     32     84    -33    -58    -33     92    -51    -74    -84     30    121     95    116 
   -40     49    -85    119    122      0   -111    112     93     51     -3     82     17    103   -107     11 
   110    -66     79     -2     26   -102     73     85    123      0    -79      4     70    113    -50     -5 
   -42    -80     62     17     -8    -65    -38     35     45    108    -54    126     88     65     89      5 
   -85     36     15     -5    -91   -113    -80    103     95    119    -20    -28     74   -117     11     89 
   -52     16   -114    -97    106    -47    -18     30    -40      6    -60     51     70     57    -66    -20 
    13    124    -89     39     16    -35    -99    -62    -71    -78     78   -112    -16     41    -53    -20 
   -37     15    -39    -15    113    -60    -41     26   -108    -68    -94    -57     54    -12     78     72 
    13     27     80   -101    108    121   -105    -40    119     22   -115    -51     60   -125    -94    -33 
   -48     72   -113   -124    -72    -72    -52    -93    -59    126    -98   -120    -11    -53     50   -117 
   102      3    -38    -98   -114    113     69   -106   -108    -34    100    -83     82    -37     34    -29 

C: 
  3549  -4391   8284  21764  13921  15018  -9139   9668  -7302 -29588   7984  -1472 -11925 -20502  -6265  28446 
 -3911    915 -33093 -22900 -36867 -27694   7885 -13475   2830   4719  -8149  -2286  34777  10165  21860   4238 
  2436  14515 -22409 -12367   4651 -16658  -5840   2511  -3961 -10331 -26368   8482  28746  -7079 -16562    563 
 18163 -10609  24441  -1600 -21637  13277   1078  35884  -5221 -17968  38009  -8127   1560 -40817  22186  18104 
-12069  -1465 -29448  18402 -24303 -35274  12641 -13079  28521  17790  -3369  -5031  -2103  52772   3488  -4208 
  9139 -39791   -441  34250  18045   3221  19453  24931  12393 -12023   7875  -1010 -18008  36157  -2718  20012 
  2443 -20204  -4763  20538  -7252   2949  19305   4883  -5351   -672   3494  19108  10095  21532  20030  26623 
-34975   8215    308  11877  -9963  13759 -33700  -5464  34541  21984  -1853  13010   1969 -21269  20802  28325 
-28731   6966 -17648   5753   2528 -19940 -43092  35361  -3669  47297   2741  28441    311  -5724  11499  -1940 
 37904    911  12147  18296  22371   2405  21039  24535  -1764 -40437   4828 -38491  -5127   2524 -32978   1014 
 -1797 -38173  25532  53108  18641 -22729  27982  34431  54268 -17973 -14907  51962  -4563  58562  14994  19894 
-28231   8109 -25727 -10443 -17478 -38453  -7694  42590    -83  38656 -19291  36444  12952 -24738   1979   3898 
 31108  -9188   6019  32722   9359   7129  48260 -10796 -33928 -31536  17002  10039 -25381  37667 -36029  -2299 
  8537    567 -20095 -13901  19775  18239  -7339  -6308  15625  -6812  -3439 -29668  11772   8368 -31371   3104 
  9201   3854 -28351   3020  35718 -11607  -5278  -6809 -24374 -18941 -14897 -28589  -3268  32650 -15216 -11180 
  6502 -13074 -28380    365  22311   -684  22974 -13406 -25648 -58401  10001 -12283   3209  39993  14899  17220 

----------------------------------------------
                 Case 3                    
----------------------------------------------
K:  16 M:  16 N: 16
A: 
   115     29     27     90     87     90     59     55     -4     23     24   -105     83    123    -27    -94 
   -62    103    -44    -94    101     11     77    -67     54   -105    -68    -49    -86     85    -25    -91 
   -47    -10    -50     52    -25    -89     16    120    -14      1    -34    104    -52     27      8     93 
    27   -107    -29     22     36    -80   -127     97     57   -103    -75    -12      0     58    -70    125 
    35   -102   -105    -51     34     92     -3     50     36    111   -124     42    -76    -65     27     35 
    -3    -33    -90    -22    116   -102    -40   -116     60    -41   -123    -92    -52    -48     59    -38 
    74     93    120    -82    -73   -127     87     90      0    111   -105    -29    -43    -96    -10     -4 
    91      1     98      2   -124    -51    -94     47   -116    -26    -82     51     92    -24    -73     79 
   -42     21    -98   -111    -19    -12     15     -4    -81    110     22   -112     92    -67     98   -117 
    49   -113   -114    -10    113     36    -33   -122     -2    -76    109     70     38    -75    -37     68 
   -71    -43     41     56    -69    -67    -53   -101    -25    -23     68     58    -27    -53    125   -104 
   -30   -124     27    -57     72    -99     31    -77     95    -60    100    -58   -109    -71     48     28 
   -25   -124    -24     93     -5    -50    -50     18    121     -2     26    -54     -7    -66    118   -112 
  -114     57    -18    113     26     39      1   -125     10   -128    -67    110    126   -125     82    -73 
    26   -118    -96   -114    124    -20    112     94    -18    -84    -13     43     56     10     16    -65 
    17     90   -102    -26     90     82    -68     11     14     30    -39    -68    124    -53    -38    -54 

B: 
    -6    -63     52    -15    -31     21    -12     23     62     62    -15     76    -94    -44     79     27 
   -67    -12     -8      0    -93     20     46    106     -8     14     80     37    -48     12    -96     74 
    74    -89    -33    -44    123     49    -34   -121    -66   -100     85     -9    119     31     63     67 
   -53     47     55     20    -39     41   -118     30    -86     15    107    -89    -66      3    -91      5 
    74    -96     21    -28    121     -1     55     41    -75   -114    -65     -3      5     49    -62      5 
   -15     60    -85     24    -26     -9    -16     38     98    -64     13   -104     42     67     66     55 
   126    -31     39    114     61    -25    -97   -115    103     31    -59     66    121     19     30    -72 
     4    -54    -81    -73     64    -13   -115     68    -17    -45    117     52     55     78     22     -8 
   -12    -50   -125     90     32   -118   -123    115    -21     78    -65     69    -10     39    -54     40 
    68     95      6     95    -66     50    -39     74    -51    -60    123    -49   -111     47    -29     -6 
    61    108   -122     46     54    -26    -87    -91    -10   -112     80    -58     -7     72    124    118 
    17     34    -42     14     32   -100     97    -44    -18     70     39    -37    -36    -89     43     75 
    25    -57    -68    -91     61    -53    114    -45     11     27    -55     17     79    100    -11    -19 
   114     23    118     39    -32   -111    -81    -17    -82   -115    -61     34     33     39     20   -122 
    56     57      6    -42    -31    -83    103    -86    -54    119    -54    -97     -6    124    -24    -86 
   112     53    126    113     96     57    -34   -100    -20     71    -86     67    -18    -70    -92    124 

C: 
 12685 -20533    814  -9463  -1915  -4750 -33051  18668   -461 -43659   9377   1697  13019  40426  12191 -23051 
 -4881 -26713   9086   5070  -9568 -19449   6131  23603   9930 -13063 -38487  20396  19605  -1138 -12496 -28147 
  9049   9688  20114  10258   7776  -6057 -15359  -3743 -17612  19350   9935  11105  -8227 -18838 -18492   -471 
 -3830 -23533  23258 -12122  26088  -1723 -16223  11905 -21172   8181 -26964  32181  -3613 -23866 -19179   2718 
 -1097   8628   3623  16210  -9345   1345   3712  30296  16012  22467 -11346  -3991 -23368  -9781  -7508  -8163 
-18954 -22289  25372  -7576 -12299   1564  30731  25244  -8279  28221 -49178   8809 -19554 -11429 -37980 -31595 
  1999 -30801   5725   -240   -998  28520  -7813   6748   7366  19232  29474  37563   1075 -10845  -5651   -162 
-13721 -14715  18492 -30819   4093  26907  22685 -18015   1821  15689  19024  17070   -347 -31068   7656  18993 
 -6940  12422 -19204 -20750 -28466   3433  38934   8578  16545   -274   1813 -15737  -1347  37459   4497 -34718 
  3186  11504  -4960   8374  23745  -5393  26941 -18763  14828   9159 -38872 -10231 -16016 -19775  11695  29700 
-15305  23987 -15778 -15071 -14809  -9493  26213 -27171 -17360  15523  15436 -41957  -7727   2983  10798  -6633 
 18817  -4181  -6370  17821  33622  -2819 -14498 -29301  -5768   4075 -32570   4878   6817  -4454   7227   6524 
-18650   2031 -30421 -13192  -4520 -17032 -14052  13110 -17477  18276   2631 -24074  -8526  26507  -3485 -22294 
-35216  -5434 -22668 -26627  -3389 -16888  62030  -7441   1722  43437 -13955 -35193  10662   2400 -27197   1966 
 21250 -31205  -8944 -18811  33180 -30307  16666 -12439  21624    -11 -41607  20030  31697  11429  22953 -34573 
-28177 -14190 -22197 -21887 -15675   3871  29697  51227  12029  -6000  -3875   -212 -11571  21163 -19253   1283 

----------------------------------------------
                 Case 4                    
----------------------------------------------
K:  16 M:  16 N: 16
A: 
  -112    -38     27     40    -24     10     -6    -84   -105     47     37   -119     15     54   -114    -62 
  -125    -93     78    -41    -78     59   -112      4   -107    -31    -50    -72    -72     40    -93   -124 
    52     51    -58     84    -86    115     15     26    -68    -32     48     31   -106     19    112    -55 
   -99   -117    -36    -14     22     10    -87   -111    -11     39     99     85     79     -9     25    -21 
    76    -45    126    -52      2    -95     55    124     -6     -8     40     31    -60    -28    -72     65 
   -55    107   -125     61    114     72    -47     92     23   -126    -72    -73     -7     11     55    114 
    56   -104     16     80    -61     83     69   -107      9    -62     60    100    -86    117     19     63 
    85     89     43    -99   -123   -128    -37     26    -10    100    -40   -124    -53    -70     58     45 
    92     77     69   -110    -54    -35     85    119    -62    -54    -12    115    -86    -99      4    103 
   111    -91     77     84    -63    -73     75    106    -71     14    113      0     84     77     10    105 
  -120     49    107   -122     23    -98    -71    -75   -110      3    -89     26     72     24   -105     57 
   -67    101   -119    -18    -86    112     29     27    -33     86     61   -112     84    -64    126   -127 
    49    -34   -102     85   -102     23     45     91     16   -121    -14     30   -113    -13    103    -44 
   -49    -34     21    -49     99    106     25     32    -89   -106    -51    -98   -115   -122    119    111 
    85    -40     82    115     97    -76      6    109      8   -103    101     36    -73     56    -98      2 
    17    -39    117    -83     57    110    108     33    -80   -115     -5     28     61    -41     11     57 

B: 
    30     28   -111     58   -118     95     15     85    108    -34    -58    -99     98     73     92     58 
  -110     -7     57     13    -85     24     95     48     33     94    -54     19    -26     17    -56    107 
    86    -52     19    -96     99     94   -110    -51     66      2   -115    -85     86     -7     89    -79 
   118    -19     72    -74    116    -36    109    -93   -122    105     54   -126     21     53   -110    119 
   -94     12    -76     56     43     65     -2    -84    -76     29     -8    -50   -113    -71    108    -48 
    55     91   -110     -3    -56      9   -119    -30    -67     56     70     36     36     23     -1     42 
   100     81    -73   -102    -27    116     24     17    -53     60    -10     84     84     76     42    -80 
   -79    -12     71     65    -92     96    -31     55     62     24    -54    124   -110     77     78      6 
    22   -110   -101     26   -114     -6   -112    -53    -88    -26     40    -98     19      6    -38    -44 
    31     63     72    -73     23    -51    117    -32     74     40     88    -84     52     65    -82     53 
   -73   -105     -1    -39    103     80     91     31    111     56     85     91     68    -47     25   -128 
    68    114   -108     -4    -98     79    -12    -84     66    -28      6     56     93    -47   -114     23 
   106    109   -106    -79    -52    -57     61     39    -14     81    -42    124     16    -45     65    -98 
    64    105    -25     73     85     81   -104    -40    -18      5     11      5    123     67    -50    -63 
   -76     28     47    -93   -114    -83     42     35    117    106     84    -97     85    -51    -13     92 
   -33     45     89    -20     93    -10    125    -15     12    115    -41     40    -68     59     -2    -98 

C: 
 20814  -5507  21845 -11293  69621 -15291   2233  -8878 -26477  -5737   8388   7424  -1712   -503  -5071 -16033 
  8938 -15786  22628  15682  41224 -13608 -56723  -6798 -13521 -43215  -4208   6097 -12341  -8310    628   2905 
 -5872   7915   9016  -2953 -21238   4533   4457  10836  17447  16564  27674  -7566  29896  12299 -25531  51715 
  9814   6027 -15877 -16047  23728 -28706   7917 -20730   2348  -4261  34293   8647  12892 -39048 -18859 -22408 
 -3796 -17856   8839   5258  10387  49986  -6529   7642  32491 -14957 -37047  12579  -4175  16984  35395 -34208 
-46784   1893  17359  29486 -14380 -14819   8958    -97 -39849  35611  -1654  10871 -61635   2722   2587  20985 
 45133  20120 -26750  -8890  25844  23942 -19605 -23913  -7347   1927  20750 -14410  59368  12654 -25490 -11803 
-35079 -27045  53043  -4476 -18485 -19075  30769  42078  53514  -4992 -20298 -24999  -5872  18689   9398  21457 
-24003   4929   8678   3472 -38435  45265   7986  25986  52181  -2504 -41589  32219  -4794  14751  21924   -944 
 31137  14622  11924 -23742  32463  35020  31567  13704  35790  26833 -15072  20215  32349  29362  23253 -37843 
 -1706  14149  18765   1359  38191  -9171  -1105  -8174   3232 -16146 -42325  24544 -24500 -20618   6385 -31503 
-21173   5256  12528 -25725 -40769 -40421  28271  35185  11449  31895  40245  23134   3807  -4528 -10736  36318 
 -4891  -8550   4877  10400 -38443   3328 -10582  13926    -61  -3167  16417  -3371   9013  14260 -16469  41231 
-46100  -8543  24339  -2221   4195  -8568  -6173   6033  -6097  17858  -4611   -948 -45996 -10066  37614   5520 
  1549 -28964  -3891  22734  36573  60404 -11726 -14911  -2765  -8349 -22607  -4312  -4080  10327  24302 -23314 
 12022  25777 -32906 -14197  -5791  34932 -26716   5850   4695  11233 -30438  39548   1716  -7134  51358 -38125 

----------------------------------------------
                 Case 5                    
----------------------------------------------
K:  16 M:  16 N: 16
A: 
   -68     99     20   -115     56     13     87    -65    -61      4   -123    112   -111    -93     67     54 
   -66    -52     -9    -33     98     76   -104    109     43    -68   -116    -40    -47     -8    102     20 
   -49      6     82     67     94    -57     27     44    -71    -14     44    100    -39     27     40     28 
    45    -97   -125    -89     44     87     79    -78    -90     90   -106     -2     20     41     28    118 
   111     82      2     70    -54     64   -100     29    -21   -110    -53    -41     96    -44    -35   -104 
   -59   -120    -88    -77     94     92   -119    -39     -9     94    105   -100    -22    113   -101     -3 
   -42     57     91    -23    -38     45     13     35   -127   -106    -55     93    -23     48    -25    -88 
   -25    -97     24    -62    -32    -65     50    -54     83     46     52    -31   -109     77    -57      0 
    58     19    -84    -34     -5    126    -84    -51   -120    -44   -122    -38    -74    121    -97     20 
  -124     64     18    -79     25    -50    -40   -104     -1    -50    -50      6     83     64    -15    108 
    54     87    -67     81     -2     93     49     27     29   -118     17    -14     58     47     54   -126 
    24   -128    -60    -91     57    -11    -82     13    -34    105     90    -12     67    119    -10   -108 
   101    -62   -116     -9     75     76    107    -86    -54     79   -122     66    -74    -15    112    -20 
  -118    -83    -55     74     89    -85    -68     97     30    -75     53    -58   -103    -12     62    -35 
    17   -128    -12    -59    -80    -68   -110    114   -119     36     51    -23    -33   -126     54    -80 
   -37    117    -13   -116    -97     11    -91     75    -61   -104    122     22    -44    125    123    104 

B: 
   106    -58   -121    -29     -1    -92     47    -13     76     94      4     52    -63     -3    -65     85 
     3     75    -43     79    -55      6   -113   -128    112    -44    120   -123     83   -112    101    120 
    46    -96    -67     24    -80    112    -44    -87     39    -22     62   -102    -15     88    -57    123 
   -40   -122    -78     -3    -68     17    -36     40    -28   -119      9    -64    -43     57    119     -4 
   -64     85    -43    -28     -5     48     60     82     28    -19   -122     35     53    -67     27     60 
   -80    -19     53    -39    -21    -94    -67     50     -9    122     23     31     41     62    -36     11 
   -20     -4    -22     89   -114   -116     98   -121     51    125    120    -68     17     43    116   -109 
    63      8    -61    111    -96    122    -29   -114    -59   -112    -71     -3      4     52    -88    114 
   -15     75     70    -52     -2    104     36    123     99     24    124    -64     57    -64    -90      5 
   -46     57    -53    -76    -85      7   -123    -81   -116   -121   -101     29    -46    -53     89   -119 
  -110     54    -41    113    102     49     93    105   -123     71    -65    -64   -120    106    -96     57 
    -2     -7    -20     49     76    114     -5    -36    -45    -93     27     91    -75    -69     78     30 
   119     46     94    -23    -48    116    -75    126    114    -19     46     63    -58    -52    114    -30 
    30     98     93     94    -65     78    -86     92     86    -61     61     52    -74     62      4    112 
    71     55    109    -82    -64    -91    -58    -99     11    -42     35    -81    -38    -59     11     43 
    53     89     32    107     87     97    -36    -61   -113    -66     94    -49     23     -6    -55      8 

C: 
 -6193   9622    202  -2377   4143 -29985  -2417 -73246  -2788   1481  20028 -11569  36581 -39609  27581 -12575 
  8141  10801  27618 -23207  -5994   7447 -11306   1052   1087 -17068 -16326   4966  30775 -10183 -33396  23208 
 -6146  -2340 -19321  28319  -4559  29705   1861 -22687 -19969 -35560 -10117 -11626 -14041   8351  14222  26416 
  6745  23770  25619 -18465   4192 -44717  -6461  -6659 -14189  17993  -6281  42130   2802 -14523  20288 -47862 
 24861 -35691 -11264 -16716  -9685 -11200 -14418  18348  44411  13588   6614   7315   4875  -1203   1462  29500 
-43132  33963  19451 -11412  28895   7082   2653  75566 -34936  12894 -59719  40247  -8291  21496 -35284 -14051 
  6511 -27825  -6190  23002 -11756   -513 -11526 -28813  17992   -213  10620   6492   1163  15828  13010  31264 
-20238   8587   3111   6675  11412   2055  27043  14457 -13218  16513    550  -2595  -6407  20679 -28421 -18388 
 -1275  -5549   6355  -2900  12063 -35247 -20010  12183  10246  15284  -7023  40280  16072   6906  -5523   9745 
 11943  35515  40792  10856  17825  34558 -20375  14644  20082 -15455  31660  -1903  15727 -24729  15605   1296 
  1691  -6479   9730   1112 -24723 -27116    628  22096  49564  27130  23189  -6585    288   2860  17129  24679 
 -6356  24317  13119 -16718   5754  11354    752  54379 -11668  -1093 -58929  51007 -37559   8557 -13845  -4488 
 -4794  -1550   1546 -40451 -11128 -74660   7296 -25637   -301  19981 -10007  29276   2848 -26051  34570 -38667 
-22456   2723   2909    560   9855  14099  27092  19454 -28791 -25114 -41342 -13425   5503  12754 -27903  10312 
  9620 -28366 -19208 -18945  15409 -14036  12790 -22385 -51983  -8906 -66827  18076 -22908  16107 -34922  -9819 
 17338  41009  31570  52609  24199  19649 -24358 -22573 -13484 -12209  23170 -20905 -12675   9406 -41657  63656 

----------------------------------------------
                 Case 6                    
----------------------------------------------
K:  16 M:  16 N: 16
A: 
  -126    -45   -101     71     97    104     68    -41    -65    -32   -106    -35     50    -15    112     17 
   105     49    -51     54     19    -37   -108      5     -2    126     26     14     44    -84    -19     18 
   102    -58     59    117     50     41     95    -26    109    -69    120   -127    -88    -85   -110   -109 
    69     73    119    119    -35     13     51    -21     -1    -35    -36     63    -87    -16    -32     85 
    24     62     22     55     -4     45   -127     97   -104    -94    -71    123    111    -97    -15     69 
  -109    -58     -5     96    -88      1   -122    -76    123     17    -19    -13    -15    -65    -64     88 
   116     32     94     15     34    -52     89    118    125      2    -94    -50    -84    -61    -22     14 
  -106    117     40    -44   -120    -54    -32     57     39     -6    -91     51    -10    -80     49     16 
  -123    122     50     27     20     23     89    -12    -84     42    -30     46     19   -109      9    -81 
   -34     77     -9    -48     61    -19    -79     19    -20   -116   -114    -80     41     68    -82    -17 
   -54    -22     21   -103    -97    104     79    -24    -78    -97    -50    -22    114    -72     33   -118 
    64     43    -35     75      0     39     36    -74     67   -126    106     70     19    -11     21    -21 
   -94    -33    -96    -80   -104    101    -52     43    -10     81    -17     14     97    -19    -31    -43 
   -47     -2    -23    125     -6    -13    -43    -89     86     54    -72    -85    -55    124    111    -52 
    39    -76    -64    116    100    -58     83     92    -51    -94    -78     94    -15   -118   -126     61 
   -60     17    -30    103     27    -97   -104   -128     75    -73    -40     42    -53     92     62    -12 

B: 
  -111    -52     14    -92    -87     20     98     45      9     50    -96   -109   -116   -117    106     64 
   -77    123     82     83     16    -42     40    -86    125    -91     61   -102     -3     86     39     93 
   -87     31    113      1    -48     37     40     38    -79    -81    -85     96     -4    -38    -97   -108 
   126    107    -80     -6    -98     80     52    -75   -100   -102      0    -68     13      5     66     71 
   -19   -124    -38     97   -117   -103     51    -18    -16     29   -112    -69      9     62    -44     54 
   -20      2    -18   -116     16     47    -87    -14    -76     34     80    -19    120      1    -92    -89 
   -85    -43   -123     68    -39    -10    -28     51   -112    -99     10      1     -9    -64    -79     29 
    67    -76     90     40    -21   -127     83   -122    -67     76     88     60    -38     59     22    119 
   104    -51    -64    117     99     42   -127      6     22    -57     12    -71     18    -79    -75     56 
   -41    -15     88     40    -77    108      1     85    -24      5    124    -83    -74     69    -38    -34 
    34     36     49   -101     21    -91    -53    105    101    -13     16    -38   -119    -23    -42    -17 
   108    -77    -91     12   -117    -35     -9    117     31     96    -87   -100    -65     76    -50     84 
    73    106    -27     70     99    111    -44     41     19    105     25     54    -27     77    -81     39 
    85    -77      0      2     97     25     61     53      7   -106     12     50    -78    119      4    -93 
   -21    -60     66     -2    -42     74    -40    -60     41     50     66     27    -63     13     59     53 
    26     92     47    -66     87    -27   -109     19    -35     92     39    -85    -76    -20    -38    123 

C: 
 10367  -2172 -33983  11184  -5176  18426 -19196 -29172 -27816  10802  18190  11067  37936  20298  -6593   4457 
  -332  18596  18703  -2867 -22323  10784  11259   2481  18799  25759   5854 -41998 -23079   4588  20627  29474 
-18478  -2953 -28302 -11894 -20790 -11291   6124  -1466 -26232 -50940 -31013  -9767  20393 -64977  -3303 -17241 
-11894  21761  -2469 -11952 -26411   1139  10843  -2235 -23205 -27009 -20237 -26219  -3654 -19821   3957  16627 
 19923  32790  10167 -11963 -14165 -10873  14108 -26467    107  55249 -10507  -4996   6286  23751   9979  42423 
 43083  39727  -8842  -5381  30597  26518 -40494  -2568  -3816  -3491  11843  -9230  24281 -14273  -9837  -4004 
-27062 -22230   6581  28807 -22315 -13253  19636 -24717 -30105 -19740 -13012 -11932  -1066 -36663   5996  31683 
  2205  22781  22880  26607  13742   1399 -10930 -26832  14791   2663  24208  10656  12642  11142   1921  20668 
-22581  21939  -1739  28048 -31263    446   4631 -12610  -5397 -16066  10754   3201  26186  21926 -16341   -189 
     2   7457   3560  21173  31105 -16438  22108 -33501   9711  -6899 -12466  23690  28420  21283  10282  -5616 
-25447  10514 -12448  -5942  17789  17568 -14096  -4669  -6162  12080   7631  51672  39296  -7323 -17841 -33833 
 16045   9623 -33989 -12255  -1300  -3885 -14992  10094  18432 -10218 -21882 -27466  -5286 -18974   1011  18375 
 20076   8613   2905  -3720  31106  18616 -24972   4211   6041  32306  45071  17960  19388  24425 -17323 -18624 
 19132  -3874  -5858  15909   7137  45617    461 -18967  -2610 -46187  17097   1192   9747   9074  20568 -19966 
 19233  -9392 -49311   9315 -43481 -38728  21236 -14458 -40587  24641 -39276 -21036   9286 -13403   8401  55269 
 38936   1030 -21131  15503   6192  13937    -24  -8129  24082 -27979 -22784 -10396   2814  11881  22651   2214 

----------------------------------------------
                 Case 7                    
----------------------------------------------
K:  16 M:  16 N: 16
A: 
   -60     20    -15    -95    -23     27   -108      8     63     68    -13    -58     82    -71    -30     97 
    73    -39    -11    -60   -118    -43    115    -28    -29    101    -36    -65     63     61     23    -62 
    78     52    -34    -88    118     49    -72    -83    113    -53     57    109     -3    -67     30    -75 
   -51   -108   -100     93    115      1   -103    -78    -62     61    -94     80     53     42    -76    121 
  -121    -65   -114    -83    108    -54     17     24     77     41    -24    126    -18    -70    -82     65 
